-1.459153202459743115e-01,4.676206390861259443e-02
3.432150688839489261e-01,4.539808966005961510e-01
1.516825811202274776e-01,2.442474123253151053e-01
-6.108522135817739951e-02,-3.737380168150071791e-01
-1.763477724360069665e-01,2.632306407680140570e-02
8.948396349850018527e-02,-4.832279211649107564e-01
3.884336264567248564e-01,-2.350167544063007652e-01
4.871681778884211500e-01,1.620575699719739582e-03
-3.954360375490626467e-01,-3.782055732483247112e-03
1.311596205702969531e-01,-1.571199789222225141e-01
2.299372228497409409e-02,4.277512602094034611e-01
3.650045388985475592e-01,-3.242984837203115589e-01
-4.495729421288776617e-01,-1.645287140378238755e-01
-4.834789675781318019e-01,2.053949988004606375e-01
3.304184053821823674e-03,-4.101591388874729072e-01
2.309456419099292779e-01,-2.690137287261507026e-01
2.256435316925399226e-01,-1.247913108537486160e-01
-4.076779240861878595e-01,-7.121254750876249151e-02
-4.792276034471383284e-01,-2.695637144409086527e-01
-3.832735332541471474e-01,2.869339696914436910e-01
4.505365710459318107e-01,1.395968001726605179e-01
1.266395359291619949e-01,1.624132690336208551e-01
1.899648570622833876e-01,-3.520144958880764285e-01
6.980172742675616604e-02,3.698409655221224224e-02
-2.632768997988446102e-01,3.041820006576536617e-01
2.595581065281342692e-01,1.469119432545004100e-01
4.975575910409498759e-01,3.895339366780476986e-01
-4.990633133009494404e-01,2.002209036613202819e-01
-2.823673824514723041e-01,-3.134405454054887130e-01
-2.657645269831367951e-01,2.075717587499938954e-01
-2.605037776963780027e-01,-2.474962071414531506e-01
3.168299599434160063e-01,-2.935407029874326224e-02
-3.122214441789964434e-01,-1.299394267932766356e-01
4.402342577513609356e-01,-4.024876600528415338e-02
4.584708261674952379e-02,-1.929785858609202043e-01
-8.250407996610586991e-04,-2.632803455872533283e-01
2.580724552335104116e-01,-3.752691530750416060e-01
-1.602611783296918890e-01,-8.349669285218819237e-02
-1.118774316163623217e-01,-4.610921838384167692e-01
3.290584426864251455e-03,1.211956395935730457e-01
2.180448815414173236e-01,1.929261684423894119e-01
-7.596406362637164733e-02,-2.411331073398297331e-01
-2.951019073085997535e-01,2.628467730130210622e-01
-1.380930172888459317e-01,1.570798452121583422e-01
3.565980650929639895e-01,-1.902620721735094333e-01
-1.980828126873840356e-01,2.361587702289960067e-01
-9.131085011269157725e-02,-2.240572029807444965e-01
-4.844830747647839164e-01,3.880517001156448265e-01
1.665739975530565742e-01,1.134779895024201624e-01
-4.461065054054449419e-01,3.535081731620307588e-01
-2.336055421383052000e-01,2.584278233486441145e-01
-8.199856665779070575e-02,-9.052024040877382216e-02
-1.452885807642245730e-02,2.795734933991589344e-01
2.773703445075506036e-01,-3.981957721698036190e-01
1.240475328680649136e-01,1.098530166144705555e-01
1.291977190890986060e-01,6.798814934994001913e-02
4.238478973606762956e-01,-1.311150298014965854e-01
3.199561447540468784e-01,-1.902605243506673149e-01
1.090635171248116597e-01,-2.257675605751114922e-01
-1.579735607929195762e-01,1.387067991820989388e-02
-3.512858824275747471e-01,-1.755820015425052505e-01
-3.436218069826292298e-01,4.044445827700102747e-01
-3.155248176481009192e-01,-3.603631051561946297e-01
3.826459488349867044e-01,-1.751730009115878284e-01
2.351510435083790096e-01,1.049238815797588487e-01
1.481161511545781018e-01,-1.636263125469601398e-01
3.071260684868618585e-01,4.067096081238295024e-01
2.127260426048553921e-01,-3.382534563627090929e-01
-1.208777530295956915e-02,-2.373559771955502384e-02
2.255903767047161557e-01,1.883967036038581844e-01
-2.584013737038246550e-01,-3.877288938850999012e-01
1.536163565412900223e-01,4.518104269635309089e-01
-2.382578388038856243e-01,-3.233473505718782448e-01
4.457537186278044405e-01,4.376872050597557795e-01
-2.541124788332187467e-01,4.319723849445210595e-01
-2.173256890545127717e-02,-5.612216914575307580e-02
1.602239616079719209e-01,-4.118722522476866432e-01
-4.216830948827499093e-01,3.586854920767830190e-01
4.689871625777749520e-01,2.555098991258195618e-01
-4.317957096905293835e-01,3.300822755554926324e-01
-2.620942539868772458e-01,2.173337844412289721e-01
2.944474600858669744e-01,1.525875816233891458e-01
4.580531568781652796e-01,4.513547661645855857e-01
4.729442752211566736e-01,4.493736412053245255e-01
-2.154107921260919323e-01,-4.589220451122314470e-01
4.867089857008496390e-01,6.516977733056117383e-02
-4.492901893333431929e-01,-4.719352909911793681e-01
1.894248913758843633e-01,2.766535231985988164e-01
1.979539882247733917e-01,-3.053788931046725885e-01
-1.782923336360497935e-02,3.200157410061647001e-01
-5.662904001451396496e-02,-7.538919154840950654e-02
-4.473673416510574041e-01,8.866188042869904695e-02
-4.639661012352169767e-02,-3.287860228015474506e-01
4.075359606428825554e-01,3.469824264068804842e-01
2.784311326118786845e-01,-4.742373889630069339e-01
-1.452862589739534194e-03,-4.242463358674467555e-01
-4.591028580595047925e-01,1.019347060536157645e-02
-1.043176483189873771e-01,-4.498172124405275252e-02
-2.349902242012227305e-01,4.649430538711762928e-01
-4.237399214862412888e-01,1.983338977938090553e-01
2.957625507439345824e+00,2.938367323388046515e+00
3.115144945094086015e+00,2.945485620140214866e+00
2.732507158451797480e+00,3.394320971585773172e+00
2.584541565753593506e+00,2.919014365723181292e+00
3.476020991700412122e+00,2.815449341119023341e+00
2.869811370210470614e+00,2.535883670093106446e+00
2.516387131690845713e+00,2.735576689102333869e+00
2.834826987861244429e+00,3.103555489971256076e+00
3.404447256971944835e+00,2.896381242820862401e+00
2.786103938826799187e+00,2.759919253840605435e+00
2.801917600132841635e+00,2.966687369280410991e+00
3.236897424270653190e+00,3.145179081606265026e+00
2.921737229868441865e+00,2.541469599664146095e+00
3.151268337226504457e+00,2.724539088713241686e+00
2.534051017797564587e+00,2.621233662668569053e+00
2.574393516880623345e+00,2.758067284382088591e+00
2.590578962333464741e+00,3.275703849956092650e+00
3.433435819776717413e+00,2.976952095035778623e+00
3.429510448884447449e+00,2.714647265073545590e+00
3.131397101084650192e+00,3.206555105747447953e+00
3.308135104944650351e+00,3.431629820679220622e+00
2.569523203635620145e+00,2.811992135863995212e+00
3.121232932585768172e+00,2.886766787198264517e+00
2.589414491418571274e+00,3.027157659668648471e+00
2.594000083388489308e+00,2.774978719205312139e+00
3.373983347773640507e+00,3.091073586255537187e+00
2.501935270539946465e+00,2.506751760141587848e+00
3.492841840189591984e+00,2.959879557693912311e+00
2.595744448803647408e+00,3.064366186684932103e+00
3.088384443139456703e+00,2.714349568682235425e+00
2.643627853562202645e+00,2.544522714501538552e+00
2.976118927884647825e+00,2.853699610233545236e+00
3.064071523319309431e+00,2.656129990461007395e+00
2.556202627920714399e+00,2.865347016161347682e+00
2.870739504269085973e+00,2.785615279403135247e+00
2.688759612607134031e+00,3.323519688783615145e+00
3.333708076032279699e+00,2.817866954463604579e+00
2.856255184007784997e+00,2.812949714963747461e+00
2.999916057500679578e+00,3.071835478013905885e+00
2.768992403289103343e+00,2.984506254001950687e+00
3.406751916102876088e+00,2.866621389035226564e+00
3.426152232350258675e+00,2.548817770779839620e+00
2.578866677527743345e+00,3.129807012314753223e+00
2.680380960223902598e+00,2.745165139277142341e+00
2.565866252979388751e+00,3.288807657479396074e+00
2.940270920855169834e+00,3.350384650926307106e+00
3.450648243339727639e+00,2.504579080159723414e+00
3.084988929644063127e+00,3.081738405179201834e+00
2.912918808425040584e+00,2.754039758370249391e+00
2.658677386152611177e+00,3.055292407579500935e+00
3.134680289876261128e+00,2.772915442860237611e+00
2.698099069814503537e+00,3.147044918102877453e+00
3.456613886129157098e+00,3.004215842891212240e+00
2.806649055639851120e+00,3.089520189808452777e+00
3.401266400150187330e+00,3.154629947174643512e+00
2.885538033738240138e+00,2.873771943983038035e+00
3.058825122517895068e+00,3.140318435876760184e+00
2.550387189393413134e+00,2.527427695375906058e+00
3.299338942625385851e+00,3.439435392595414420e+00
3.458361049586430092e+00,3.050797333728881622e+00
2.983019003671253166e+00,3.203872826486382941e+00
2.800888004031201639e+00,2.799387440824616657e+00
3.074458615310965648e+00,3.026238057817865812e+00
2.605783527668140476e+00,2.986494717971568846e+00
2.934394484574097461e+00,3.304727907674555265e+00
3.002659457520424624e+00,3.253105315774834416e+00
3.373667063637867614e+00,2.881856978798176705e+00
3.243415142431907316e+00,2.920525687928835268e+00
3.352345215643138587e+00,3.019050752720835451e+00
2.869055293488803393e+00,2.679803755285181666e+00
2.896901784698925564e+00,3.192315053547343240e+00
2.696423083485171901e+00,3.467687306873131980e+00
3.080657696910313881e+00,3.100652360603028068e+00
3.065614400259415895e+00,3.134110828936991666e+00
2.817713225430743318e+00,3.280475928515545370e+00
3.085756260486701041e+00,3.221407830999389876e+00
3.447349877043429878e+00,2.599086911983996551e+00
3.039069247780719962e+00,2.556736033967363486e+00
2.909114679996250175e+00,2.865691910325987468e+00
2.960833605614169084e+00,2.843557515284695469e+00
3.032762913762121926e+00,2.888442117166543532e+00
2.707610833408678364e+00,3.441026901181266417e+00
2.809942318837496344e+00,3.288949749869704231e+00
3.337693382952823029e+00,3.029473697828691581e+00
3.192491875027642756e+00,3.268317442477788326e+00
2.898473390334594502e+00,2.556145479624846839e+00
2.611254877775972982e+00,3.149300984188397656e+00
3.343359337772632500e+00,2.668997458089576114e+00
2.813695508433962544e+00,2.571045145828803946e+00
2.705094368537281024e+00,2.513726509039575507e+00
3.161597634624671471e+00,2.556956576529002767e+00
2.646511110879137263e+00,2.736400800651074494e+00
3.343415688027785659e+00,2.538610488939225363e+00
3.261194733473498530e+00,2.821686707342997202e+00
3.470761014792659971e+00,3.482337944909287941e+00
2.561974959834869559e+00,2.766310950842009397e+00
2.717017663241611647e+00,2.873545671876900798e+00
3.466079265050092229e+00,3.466448273689962889e+00
3.466547146876445495e+00,3.138117344008222176e+00
2.518125872274054267e+00,2.707155728709754960e+00
-2.702047811879059847e+00,3.168580477819688657e+00
-3.465234046644591448e+00,3.488073067505938596e+00
-2.635809336142242110e+00,2.504129335135320211e+00
-2.849080504120653057e+00,2.986761393746792059e+00
-2.697278959484610272e+00,3.130839768709882343e+00
-2.768948862942856248e+00,3.225372256652809355e+00
-3.335715358740111824e+00,2.946718882058717348e+00
-2.926135169703478756e+00,3.124262717706564274e+00
-2.906705415359100986e+00,3.315561368719131874e+00
-3.494898431718250098e+00,3.462037046889614000e+00
-3.408586250154331587e+00,3.030279302729468771e+00
-3.098859955794804666e+00,2.822942085027087877e+00
-3.313689646208126671e+00,2.671192985479451387e+00
-2.945014374460411588e+00,2.611794070012170899e+00
-2.921476194018866046e+00,2.943141435624665458e+00
-2.961196605582852914e+00,3.162811386053031804e+00
-2.815238632609569969e+00,3.243829345509681605e+00
-2.626433240340587449e+00,2.660616185315423099e+00
-2.862439160857022991e+00,2.835708689832380891e+00
-2.879148283926742380e+00,3.453173122483582436e+00
-2.901515724210951497e+00,2.539396178313009234e+00
-3.041807119662812919e+00,2.555945413536096389e+00
-2.613876931150595162e+00,3.371653678223186290e+00
-2.769550736817240288e+00,3.380420886853172657e+00
-2.657529015515850190e+00,3.122537992736710954e+00
-3.427410721958509043e+00,2.805637178783774832e+00
-2.649565109631079274e+00,2.607272572812326050e+00
-3.212766468316348156e+00,2.767092782649391403e+00
-3.432595962866221040e+00,2.873839210059529137e+00
-3.218624574301797381e+00,3.252300774475688439e+00
-2.526128629751087651e+00,2.603190408775274189e+00
-2.995058320287501186e+00,3.443822022048284470e+00
-3.477654024628470619e+00,2.970271035067133081e+00
-2.578906018244975229e+00,2.566397225653189285e+00
-3.152867791712837153e+00,3.209658948338106388e+00
-3.437287494756496642e+00,3.217165671430928686e+00
-2.970900802949034691e+00,3.495652749153488337e+00
-3.151355265772536107e+00,3.113613081025438323e+00
-3.328060499766831271e+00,3.054804414832599235e+00
-3.419533376751033860e+00,3.176264775541543184e+00
-2.899716695196006278e+00,3.325772844011029239e+00
-3.273712233858114384e+00,3.207932533199463698e+00
-3.191016534394579551e+00,2.543721317869008125e+00
-2.621233204391699267e+00,2.718174095918163946e+00
-3.233929046474161240e+00,2.701132116857525300e+00
-3.020873825995322726e+00,2.877959154152174293e+00
-2.591579515813589918e+00,2.717383951180570634e+00
-3.132681587999480488e+00,3.030311390248805470e+00
-3.279735117620065310e+00,3.186144172368375216e+00
-2.779606297591466824e+00,2.848603708780150789e+00
-2.932873694589605673e+00,2.944655686876497480e+00
-3.054797071252876250e+00,2.639801943081418578e+00
-3.083510284351211883e+00,3.036511777647549426e+00
-2.884928254471709863e+00,3.288142598235677561e+00
-3.493406582823621154e+00,3.345274279325187727e+00
-2.822266098460647576e+00,2.812543202892460847e+00
-3.437385809304722706e+00,2.750015423277116788e+00
-3.180144268375272087e+00,2.709471328680256086e+00
-3.004879192450855108e+00,2.712427311788912832e+00
-3.330722046026694638e+00,3.488627089772948775e+00
-3.425147394412516810e+00,2.848322020268802657e+00
-2.804823387380008803e+00,3.254712706816647039e+00
-2.841361834354935834e+00,2.857549609059532703e+00
-3.177777159977894783e+00,2.924731970884101528e+00
-3.015892845473352679e+00,3.081947334567156194e+00
-3.303847526755948838e+00,2.859406638146014146e+00
-2.836448471997475185e+00,2.559796183392914593e+00
-3.480740131637618973e+00,3.252254802659003907e+00
-3.294601681345656008e+00,3.197531235874095490e+00
-2.607732662338044349e+00,3.016425702650777030e+00
-3.384452689506894707e+00,2.564452023457785224e+00
-3.114929101360219832e+00,3.234578567255152581e+00
-3.389200581156201153e+00,2.828492642496085452e+00
-2.949910823058709664e+00,3.136248221182849960e+00
-3.334419166702286219e+00,3.330890830990606233e+00
-3.261966766904458304e+00,3.481219343614151196e+00
-2.526842801757768875e+00,2.794854445241407692e+00
-3.209350444911065470e+00,3.310598546259114983e+00
-3.082146626641532716e+00,2.666072367439626944e+00
-3.063066575857229523e+00,2.996169484869410038e+00
-2.712028276783506886e+00,2.745618044351594733e+00
-3.478360070440302820e+00,2.943688279750383607e+00
-3.301510144272113756e+00,3.375577836386127739e+00
-3.037024900498288993e+00,2.843693692717395471e+00
-3.080095127483599704e+00,2.791699525502139956e+00
-3.401775895827092722e+00,3.320144394813722144e+00
-2.814746906575034124e+00,2.740355043472689545e+00
-2.541888663229764589e+00,2.885576451359708638e+00
-3.210814897088751785e+00,2.861107151019809614e+00
-2.798666485046575225e+00,2.777439673026912192e+00
-3.019007671123100867e+00,3.148435936380934219e+00
-3.185955496344226923e+00,2.545306472452249391e+00
-2.577405937465540919e+00,3.259505626042816129e+00
-2.773041955059859731e+00,3.227402385498791659e+00
-3.442818321456468933e+00,2.988137981939087862e+00
-2.527426130416521310e+00,3.258916652116314427e+00
-2.640527013967974401e+00,3.441255136247403534e+00
-2.763890286734072887e+00,2.852662799729661636e+00
-2.949591417364119561e+00,2.633616935121853686e+00
-2.684180327866992233e+00,3.288814226785919281e+00
